0.1263 0.1159 0.0921 0.0697 0.0637 0.0726 0.0676 0.0703 0.0742 0.0888 0.0960 0.0812 0.0776 0.0874 0.1171 0.1030 0.1110 0.1181 0.1256 0.1072
|
0.7271 0.6974 0.6750 0.4903 0.4093 0.3325 0.2570 0.2181 0.1323 0.0963 0.0992 0.0839 0.0876 0.0907 0.1174 0.1350 0.1560 0.1551 0.1775 0.2015
0.7860 0.7739 0.7564 0.5918 0.4985 0.4046 0.2893 0.2475 0.1335 0.0979 0.0907 0.0773 0.0837 0.0831 0.1082 0.1312 0.1431 0.1478 0.1684 0.1984
0.8300 0.8249 0.8070 0.6413 0.5282 0.4291 0.3048 0.2597 0.1523 0.1170 0.1069 0.0762 0.0776 0.0748 0.0985 0.1261 0.1433 0.1547 0.1818 0.2141
0.8335 0.8494 0.8524 0.7790 0.6852 0.5855 0.4300 0.3727 0.2216 0.1596 0.1535 0.0859 0.0872 0.0777 0.1020 0.1237 0.1395 0.1576 0.1811 0.2286
0.8168 0.8423 0.8460 0.8113 0.7492 0.6767 0.5183 0.4586 0.2588 0.1731 0.1612 0.0874 0.0838 0.0690 0.0812 0.0983 0.1109 0.1238 0.1420 0.1895
0.8124 0.8433 0.8524 0.8406 0.7963 0.7539 0.6258 0.5741 0.3425 0.2324 0.2060 0.1067 0.1006 0.0843 0.0960 0.1099 0.1251 0.1371 0.1615 0.2024
0.8043 0.8360 0.8459 0.8514 0.8306 0.8143 0.7343 0.6868 0.4567 0.3167 0.2905 0.1586 0.1486 0.1176 0.1171 0.1296 0.1437 0.1570 0.1770 0.2130
0.8034 0.8343 0.8472 0.8573 0.8489 0.8396 0.7842 0.7499 0.5348 0.3783 0.3455 0.1951 0.1831 0.1323 0.1329 0.1341 0.1457 0.1606 0.1831 0.2143
0.7909 0.8188 0.8372 0.8551 0.8549 0.8582 0.8313 0.8161 0.7037 0.5515 0.5047 0.2936 0.2621 0.1789 0.1481 0.1414 0.1442 0.1577 0.1738 0.2011
0.7876 0.8182 0.8314 0.8508 0.8499 0.8582 0.8485 0.8377 0.7932 0.7085 0.6575 0.4520 0.4078 0.2796 0.2052 0.1590 0.1499 0.1625 0.1763 0.2058
0.7799 0.8068 0.8198 0.8399 0.8470 0.8577 0.8534 0.8458 0.8257 0.7841 0.7521 0.5822 0.5293 0.3636 0.2438 0.1719 0.1562 0.1673 0.1776 0.2091
0.7849 0.8078 0.8201 0.8389 0.8426 0.8529 0.8495 0.8431 0.8358 0.8160 0.8081 0.6970 0.6585 0.4937 0.3347 0.2111 0.1769 0.1791 0.1802 0.2035
0.7768 0.8032 0.8189 0.8311 0.8353 0.8471 0.8454 0.8447 0.8398 0.8363 0.8302 0.7736 0.7524 0.6316 0.4660 0.3119 0.2336 0.2187 0.2073 0.2130
0.7657 0.7920 0.8078 0.8283 0.8302 0.8441 0.8413 0.8370 0.8327 0.8369 0.8355 0.8083 0.7989 0.7213 0.5679 0.4070 0.3167 0.2900 0.2485 0.2212
0.7678 0.8007 0.8098 0.8297 0.8307 0.8450 0.8404 0.8386 0.8340 0.8373 0.8348 0.8279 0.8211 0.7736 0.6590 0.4910 0.3861 0.3535 0.2834 0.2350
0.7718 0.8037 0.8183 0.8316 0.8339 0.8472 0.8419 0.8375 0.8301 0.8300 0.8292 0.8269 0.8237 0.8044 0.7424 0.6298 0.5209 0.4793 0.3855 0.2754
0.7742 0.7990 0.8122 0.8271 0.8280 0.8427 0.8332 0.8233 0.8156 0.8194 0.8130 0.8199 0.8235 0.8152 0.7887 0.7305 0.6558 0.6084 0.5136 0.3584
0.7667 0.7980 0.8130 0.8252 0.8235 0.8387 0.8291 0.8199 0.8154 0.8139 0.8109 0.8164 0.8190 0.8163 0.8012 0.7808 0.7253 0.6942 0.5979 0.4181
0.7545 0.7916 0.8065 0.8234 0.8222 0.8364 0.8316 0.8205 0.8192 0.8163 0.8119 0.8097 0.8158 0.8138 0.7998 0.7988 0.7726 0.7559 0.6884 0.5393
0.7465 0.7866 0.8004 0.8164 0.8204 0.8340 0.8292 0.8146 0.8151 0.8169 0.8095 0.8139 0.8127 0.8114 0.7965 0.8036 0.7967 0.7920 0.7488 0.6472

Diagonal Accuracy: 0.7192
Final Accuracy: 0.7956
Backward: 0.0764
Forward:  0.4986
