0.1005 0.0852 0.0834 0.0679 0.0769 0.0953 0.1366 0.1387 0.0933 0.1164 0.0425 0.0863 0.1121 0.0770 0.1798 0.1264 0.1064 0.0949 0.1235 0.0644
|
0.1152 0.0852 0.0834 0.0679 0.0769 0.0953 0.1366 0.1387 0.0933 0.1164 0.0425 0.0863 0.1121 0.0770 0.1798 0.1264 0.1064 0.0949 0.1235 0.0644
0.1152 0.1128 0.0834 0.0679 0.0769 0.0953 0.1366 0.1387 0.0933 0.1164 0.0425 0.0863 0.1121 0.0770 0.1798 0.1264 0.1064 0.0949 0.1235 0.0644
0.1152 0.1128 0.2017 0.0679 0.0769 0.0953 0.1366 0.1387 0.0933 0.1164 0.0425 0.0863 0.1121 0.0770 0.1798 0.1264 0.1064 0.0949 0.1235 0.0644
0.1152 0.1128 0.2017 0.2135 0.0769 0.0953 0.1366 0.1387 0.0933 0.1164 0.0425 0.0863 0.1121 0.0770 0.1798 0.1264 0.1064 0.0949 0.1235 0.0644
0.1152 0.1128 0.2017 0.2135 0.1869 0.0953 0.1366 0.1387 0.0933 0.1164 0.0425 0.0863 0.1121 0.0770 0.1798 0.1264 0.1064 0.0949 0.1235 0.0644
0.1152 0.1128 0.2017 0.2135 0.1869 0.2117 0.1366 0.1387 0.0933 0.1164 0.0425 0.0863 0.1121 0.0770 0.1798 0.1264 0.1064 0.0949 0.1235 0.0644
0.1152 0.1128 0.2017 0.2135 0.1869 0.2117 0.2020 0.1387 0.0933 0.1164 0.0425 0.0863 0.1121 0.0770 0.1798 0.1264 0.1064 0.0949 0.1235 0.0644
0.1152 0.1128 0.2017 0.2135 0.1869 0.2117 0.2020 0.1617 0.0933 0.1164 0.0425 0.0863 0.1121 0.0770 0.1798 0.1264 0.1064 0.0949 0.1235 0.0644
0.1152 0.1128 0.2017 0.2135 0.1869 0.2117 0.2020 0.1617 0.2233 0.1164 0.0425 0.0863 0.1121 0.0770 0.1798 0.1264 0.1064 0.0949 0.1235 0.0644
0.1152 0.1128 0.2017 0.2135 0.1869 0.2117 0.2020 0.1617 0.2233 0.1900 0.0425 0.0863 0.1121 0.0770 0.1798 0.1264 0.1064 0.0949 0.1235 0.0644
0.1152 0.1128 0.2017 0.2135 0.1869 0.2117 0.2020 0.1617 0.2233 0.1900 0.2173 0.0863 0.1121 0.0770 0.1798 0.1264 0.1064 0.0949 0.1235 0.0644
0.1152 0.1128 0.2017 0.2135 0.1869 0.2117 0.2020 0.1617 0.2233 0.1900 0.2173 0.2198 0.1121 0.0770 0.1798 0.1264 0.1064 0.0949 0.1235 0.0644
0.1152 0.1128 0.2017 0.2135 0.1869 0.2117 0.2020 0.1617 0.2233 0.1900 0.2173 0.2198 0.2223 0.0770 0.1798 0.1264 0.1064 0.0949 0.1235 0.0644
0.1152 0.1128 0.2017 0.2135 0.1869 0.2117 0.2020 0.1617 0.2233 0.1900 0.2173 0.2198 0.2223 0.2113 0.1798 0.1264 0.1064 0.0949 0.1235 0.0644
0.1152 0.1128 0.2017 0.2135 0.1869 0.2117 0.2020 0.1617 0.2233 0.1900 0.2173 0.2198 0.2223 0.2113 0.2224 0.1264 0.1064 0.0949 0.1235 0.0644
0.1152 0.1128 0.2017 0.2135 0.1869 0.2117 0.2020 0.1617 0.2233 0.1900 0.2173 0.2198 0.2223 0.2113 0.2224 0.2057 0.1064 0.0949 0.1235 0.0644
0.1152 0.1128 0.2017 0.2135 0.1869 0.2117 0.2020 0.1617 0.2233 0.1900 0.2173 0.2198 0.2223 0.2113 0.2224 0.2057 0.2147 0.0949 0.1235 0.0644
0.1152 0.1128 0.2017 0.2135 0.1869 0.2117 0.2020 0.1617 0.2233 0.1900 0.2173 0.2198 0.2223 0.2113 0.2224 0.2057 0.2147 0.2091 0.1235 0.0644
0.1152 0.1128 0.2017 0.2135 0.1869 0.2117 0.2020 0.1617 0.2233 0.1900 0.2173 0.2198 0.2223 0.2113 0.2224 0.2057 0.2147 0.2091 0.2022 0.0644
0.1152 0.1128 0.2017 0.2135 0.1869 0.2117 0.2020 0.1617 0.2233 0.1900 0.2173 0.2198 0.2223 0.2113 0.2224 0.2057 0.2147 0.2091 0.2022 0.2164

Final Accuracy: 0.1980
Backward: 0.0000
Forward:  0.0000
