0.1005 0.0852 0.0834 0.0679 0.0769 0.0953 0.1366 0.1387 0.0933 0.1164 0.0425 0.0863 0.1121 0.0770 0.1798 0.1264 0.1064 0.0949 0.1235 0.0644
|
0.3195 0.0852 0.0834 0.0679 0.0769 0.0953 0.1366 0.1387 0.0933 0.1164 0.0425 0.0863 0.1121 0.0770 0.1798 0.1264 0.1064 0.0949 0.1235 0.0644
0.3195 0.3831 0.0834 0.0679 0.0769 0.0953 0.1366 0.1387 0.0933 0.1164 0.0425 0.0863 0.1121 0.0770 0.1798 0.1264 0.1064 0.0949 0.1235 0.0644
0.3195 0.3831 0.4531 0.0679 0.0769 0.0953 0.1366 0.1387 0.0933 0.1164 0.0425 0.0863 0.1121 0.0770 0.1798 0.1264 0.1064 0.0949 0.1235 0.0644
0.3195 0.3831 0.4531 0.4840 0.0769 0.0953 0.1366 0.1387 0.0933 0.1164 0.0425 0.0863 0.1121 0.0770 0.1798 0.1264 0.1064 0.0949 0.1235 0.0644
0.3195 0.3831 0.4531 0.4840 0.6223 0.0953 0.1366 0.1387 0.0933 0.1164 0.0425 0.0863 0.1121 0.0770 0.1798 0.1264 0.1064 0.0949 0.1235 0.0644
0.3195 0.3831 0.4531 0.4840 0.6223 0.6407 0.1366 0.1387 0.0933 0.1164 0.0425 0.0863 0.1121 0.0770 0.1798 0.1264 0.1064 0.0949 0.1235 0.0644
0.3195 0.3831 0.4531 0.4840 0.6223 0.6407 0.6883 0.1387 0.0933 0.1164 0.0425 0.0863 0.1121 0.0770 0.1798 0.1264 0.1064 0.0949 0.1235 0.0644
0.3195 0.3831 0.4531 0.4840 0.6223 0.6407 0.6883 0.6620 0.0933 0.1164 0.0425 0.0863 0.1121 0.0770 0.1798 0.1264 0.1064 0.0949 0.1235 0.0644
0.3195 0.3831 0.4531 0.4840 0.6223 0.6407 0.6883 0.6620 0.7001 0.1164 0.0425 0.0863 0.1121 0.0770 0.1798 0.1264 0.1064 0.0949 0.1235 0.0644
0.3195 0.3831 0.4531 0.4840 0.6223 0.6407 0.6883 0.6620 0.7001 0.6971 0.0425 0.0863 0.1121 0.0770 0.1798 0.1264 0.1064 0.0949 0.1235 0.0644
0.3195 0.3831 0.4531 0.4840 0.6223 0.6407 0.6883 0.6620 0.7001 0.6971 0.7371 0.0863 0.1121 0.0770 0.1798 0.1264 0.1064 0.0949 0.1235 0.0644
0.3195 0.3831 0.4531 0.4840 0.6223 0.6407 0.6883 0.6620 0.7001 0.6971 0.7371 0.6059 0.1121 0.0770 0.1798 0.1264 0.1064 0.0949 0.1235 0.0644
0.3195 0.3831 0.4531 0.4840 0.6223 0.6407 0.6883 0.6620 0.7001 0.6971 0.7371 0.6059 0.7320 0.0770 0.1798 0.1264 0.1064 0.0949 0.1235 0.0644
0.3195 0.3831 0.4531 0.4840 0.6223 0.6407 0.6883 0.6620 0.7001 0.6971 0.7371 0.6059 0.7320 0.7041 0.1798 0.1264 0.1064 0.0949 0.1235 0.0644
0.3195 0.3831 0.4531 0.4840 0.6223 0.6407 0.6883 0.6620 0.7001 0.6971 0.7371 0.6059 0.7320 0.7041 0.7276 0.1264 0.1064 0.0949 0.1235 0.0644
0.3195 0.3831 0.4531 0.4840 0.6223 0.6407 0.6883 0.6620 0.7001 0.6971 0.7371 0.6059 0.7320 0.7041 0.7276 0.7148 0.1064 0.0949 0.1235 0.0644
0.3195 0.3831 0.4531 0.4840 0.6223 0.6407 0.6883 0.6620 0.7001 0.6971 0.7371 0.6059 0.7320 0.7041 0.7276 0.7148 0.7674 0.0949 0.1235 0.0644
0.3195 0.3831 0.4531 0.4840 0.6223 0.6407 0.6883 0.6620 0.7001 0.6971 0.7371 0.6059 0.7320 0.7041 0.7276 0.7148 0.7674 0.7661 0.1235 0.0644
0.3195 0.3831 0.4531 0.4840 0.6223 0.6407 0.6883 0.6620 0.7001 0.6971 0.7371 0.6059 0.7320 0.7041 0.7276 0.7148 0.7674 0.7661 0.6789 0.0644
0.3195 0.3831 0.4531 0.4840 0.6223 0.6407 0.6883 0.6620 0.7001 0.6971 0.7371 0.6059 0.7320 0.7041 0.7276 0.7148 0.7674 0.7661 0.6789 0.7658

Final Accuracy: 0.6425
Backward: 0.0000
Forward:  0.0000
