0.1263 0.1159 0.0921 0.0697 0.0637 0.0726 0.0676 0.0703 0.0742 0.0888 0.0960 0.0812 0.0776 0.0874 0.1171 0.1030 0.1110 0.1181 0.1256 0.1072
|
0.7424 0.7122 0.6905 0.5024 0.4132 0.3324 0.2509 0.2078 0.1193 0.0903 0.0925 0.0792 0.0853 0.0908 0.1135 0.1350 0.1528 0.1537 0.1729 0.2027
0.8082 0.7922 0.7753 0.5909 0.4894 0.3940 0.2691 0.2244 0.1250 0.0941 0.0925 0.0865 0.0908 0.0926 0.1090 0.1305 0.1442 0.1527 0.1757 0.2109
0.8339 0.8313 0.8145 0.6396 0.5216 0.4163 0.2912 0.2446 0.1478 0.1102 0.1030 0.0790 0.0796 0.0807 0.1015 0.1246 0.1429 0.1523 0.1820 0.2193
0.8450 0.8622 0.8644 0.7903 0.6974 0.5983 0.4390 0.3817 0.2229 0.1572 0.1493 0.0871 0.0894 0.0813 0.1055 0.1243 0.1391 0.1509 0.1790 0.2296
0.8280 0.8560 0.8643 0.8319 0.7745 0.6936 0.5326 0.4785 0.2819 0.1871 0.1750 0.0998 0.0983 0.0852 0.0954 0.1092 0.1208 0.1355 0.1577 0.2092
0.8275 0.8544 0.8648 0.8586 0.8234 0.7788 0.6552 0.6069 0.3732 0.2389 0.2088 0.1122 0.1045 0.0969 0.1072 0.1204 0.1314 0.1430 0.1649 0.2055
0.8175 0.8475 0.8614 0.8709 0.8576 0.8369 0.7668 0.7285 0.5009 0.3404 0.2999 0.1666 0.1558 0.1251 0.1282 0.1424 0.1504 0.1656 0.1854 0.2212
0.8066 0.8414 0.8538 0.8747 0.8692 0.8615 0.8155 0.7893 0.5893 0.4283 0.3697 0.2110 0.1910 0.1435 0.1433 0.1503 0.1579 0.1707 0.1898 0.2224
0.8114 0.8391 0.8532 0.8759 0.8772 0.8762 0.8527 0.8381 0.7408 0.5981 0.5327 0.3117 0.2736 0.1817 0.1551 0.1594 0.1643 0.1748 0.1897 0.2196
0.8034 0.8397 0.8529 0.8716 0.8740 0.8748 0.8672 0.8567 0.8189 0.7396 0.6838 0.4585 0.4113 0.2811 0.2097 0.1605 0.1476 0.1581 0.1645 0.2017
0.7988 0.8300 0.8468 0.8672 0.8715 0.8761 0.8690 0.8655 0.8484 0.8040 0.7716 0.5842 0.5454 0.3713 0.2613 0.1833 0.1599 0.1654 0.1691 0.2038
0.8022 0.8285 0.8452 0.8626 0.8623 0.8684 0.8621 0.8571 0.8575 0.8344 0.8278 0.7210 0.6845 0.5272 0.3710 0.2491 0.1999 0.1994 0.1993 0.2193
0.7975 0.8280 0.8426 0.8629 0.8630 0.8663 0.8606 0.8564 0.8570 0.8506 0.8456 0.7901 0.7694 0.6511 0.4961 0.3452 0.2700 0.2460 0.2256 0.2333
0.7867 0.8191 0.8367 0.8587 0.8583 0.8612 0.8548 0.8529 0.8510 0.8513 0.8498 0.8271 0.8152 0.7347 0.5978 0.4244 0.3335 0.3084 0.2548 0.2361
0.7816 0.8135 0.8291 0.8517 0.8544 0.8574 0.8530 0.8495 0.8493 0.8506 0.8518 0.8458 0.8389 0.7973 0.7016 0.5399 0.4288 0.3928 0.3163 0.2555
0.7753 0.8091 0.8276 0.8531 0.8526 0.8544 0.8507 0.8453 0.8435 0.8433 0.8414 0.8418 0.8381 0.8205 0.7718 0.6702 0.5791 0.5302 0.4319 0.3171
0.7673 0.8021 0.8169 0.8457 0.8481 0.8510 0.8455 0.8392 0.8426 0.8442 0.8414 0.8426 0.8441 0.8299 0.8086 0.7600 0.6890 0.6467 0.5430 0.3858
0.7658 0.8012 0.8162 0.8428 0.8458 0.8486 0.8489 0.8420 0.8413 0.8457 0.8385 0.8444 0.8440 0.8330 0.8226 0.8007 0.7522 0.7286 0.6252 0.4557
0.7606 0.8052 0.8211 0.8449 0.8502 0.8491 0.8459 0.8435 0.8404 0.8390 0.8343 0.8367 0.8395 0.8315 0.8274 0.8200 0.7989 0.7828 0.7143 0.5611
0.7516 0.8004 0.8166 0.8396 0.8460 0.8486 0.8459 0.8427 0.8409 0.8384 0.8330 0.8320 0.8334 0.8292 0.8238 0.8308 0.8280 0.8239 0.7887 0.6857

Final Accuracy: 0.8190
Backward: 0.0732
Forward:  0.5252
