0.1263 0.1159 0.0921 0.0697 0.0637 0.0726 0.0676 0.0703 0.0742 0.0888 0.0960 0.0812 0.0776 0.0874 0.1171 0.1030 0.1110 0.1181 0.1256 0.1072
|
0.1370 0.1224 0.0945 0.0706 0.0660 0.0749 0.0699 0.0728 0.0752 0.0934 0.1005 0.0832 0.0820 0.0923 0.1236 0.1093 0.1172 0.1237 0.1319 0.1118
0.1538 0.1386 0.1105 0.0818 0.0685 0.0758 0.0700 0.0727 0.0759 0.0921 0.1005 0.0814 0.0790 0.0912 0.1218 0.1066 0.1165 0.1245 0.1375 0.1192
0.1613 0.1439 0.1171 0.0873 0.0719 0.0792 0.0712 0.0750 0.0773 0.0945 0.1026 0.0847 0.0820 0.0945 0.1263 0.1105 0.1213 0.1280 0.1390 0.1197
0.1689 0.1511 0.1256 0.0936 0.0768 0.0845 0.0771 0.0806 0.0813 0.0992 0.1051 0.0875 0.0844 0.0969 0.1324 0.1158 0.1248 0.1323 0.1431 0.1222
0.1782 0.1621 0.1333 0.1052 0.0842 0.0893 0.0818 0.0852 0.0847 0.1010 0.1077 0.0931 0.0888 0.1011 0.1385 0.1214 0.1303 0.1336 0.1467 0.1254
0.1843 0.1718 0.1445 0.1198 0.0934 0.0957 0.0850 0.0875 0.0880 0.1026 0.1105 0.0965 0.0893 0.1040 0.1413 0.1226 0.1336 0.1343 0.1505 0.1309
0.1838 0.1713 0.1458 0.1255 0.0983 0.1022 0.0908 0.0934 0.0917 0.1067 0.1155 0.1013 0.0918 0.1054 0.1450 0.1250 0.1356 0.1386 0.1522 0.1330
0.1899 0.1712 0.1454 0.1301 0.1036 0.1109 0.1050 0.1042 0.1031 0.1186 0.1224 0.1077 0.1002 0.1089 0.1480 0.1298 0.1370 0.1374 0.1502 0.1302
0.1885 0.1734 0.1457 0.1347 0.1086 0.1154 0.1127 0.1130 0.1183 0.1307 0.1319 0.1171 0.1111 0.1141 0.1539 0.1356 0.1421 0.1404 0.1487 0.1278
0.1895 0.1723 0.1457 0.1337 0.1090 0.1180 0.1173 0.1202 0.1284 0.1409 0.1426 0.1272 0.1177 0.1217 0.1585 0.1414 0.1453 0.1422 0.1500 0.1279
0.1926 0.1752 0.1486 0.1395 0.1119 0.1245 0.1222 0.1269 0.1421 0.1568 0.1646 0.1458 0.1332 0.1333 0.1684 0.1494 0.1481 0.1463 0.1547 0.1253
0.1961 0.1782 0.1562 0.1429 0.1164 0.1275 0.1248 0.1309 0.1472 0.1652 0.1777 0.1632 0.1460 0.1466 0.1775 0.1568 0.1562 0.1534 0.1575 0.1302
0.1966 0.1801 0.1582 0.1461 0.1177 0.1325 0.1300 0.1347 0.1571 0.1778 0.1917 0.1753 0.1613 0.1600 0.1886 0.1663 0.1632 0.1587 0.1614 0.1288
0.1975 0.1823 0.1618 0.1532 0.1200 0.1362 0.1352 0.1414 0.1637 0.1883 0.2005 0.1918 0.1744 0.1730 0.1990 0.1766 0.1688 0.1664 0.1691 0.1325
0.2028 0.1869 0.1675 0.1572 0.1252 0.1397 0.1364 0.1397 0.1627 0.1888 0.2048 0.1998 0.1821 0.1843 0.2065 0.1833 0.1758 0.1717 0.1774 0.1395
0.2072 0.1903 0.1720 0.1586 0.1272 0.1406 0.1348 0.1405 0.1632 0.1865 0.2076 0.2010 0.1839 0.1860 0.2098 0.1877 0.1803 0.1783 0.1818 0.1477
0.2077 0.1862 0.1695 0.1559 0.1263 0.1409 0.1369 0.1413 0.1688 0.1928 0.2142 0.2086 0.1912 0.1959 0.2214 0.2033 0.1955 0.1945 0.1961 0.1591
0.2141 0.1931 0.1776 0.1655 0.1320 0.1418 0.1387 0.1420 0.1685 0.1950 0.2125 0.2104 0.1976 0.2066 0.2350 0.2251 0.2149 0.2146 0.2158 0.1772
0.2147 0.1911 0.1758 0.1626 0.1317 0.1424 0.1415 0.1443 0.1743 0.2022 0.2165 0.2122 0.1994 0.2114 0.2408 0.2381 0.2297 0.2264 0.2273 0.1897
0.2129 0.1916 0.1773 0.1630 0.1349 0.1463 0.1415 0.1436 0.1686 0.1932 0.2124 0.2086 0.1966 0.2078 0.2392 0.2382 0.2297 0.2295 0.2328 0.2007

Final Accuracy: 0.1934
Backward: 0.0427
Forward:  0.0458
