0.1263 0.1159 0.0921 0.0697 0.0637 0.0726 0.0676 0.0703 0.0742 0.0888 0.0960 0.0812 0.0776 0.0874 0.1171 0.1030 0.1110 0.1181 0.1256 0.1072
|
0.2682 0.2243 0.1939 0.1365 0.1056 0.1019 0.0971 0.0952 0.0978 0.1066 0.1150 0.1035 0.0982 0.1113 0.1482 0.1336 0.1442 0.1423 0.1615 0.1561
0.4053 0.3717 0.3370 0.2411 0.1946 0.1603 0.1302 0.1270 0.1139 0.1114 0.1263 0.1158 0.1090 0.1216 0.1624 0.1506 0.1542 0.1491 0.1699 0.1763
0.4975 0.4763 0.4639 0.3462 0.2690 0.2136 0.1628 0.1615 0.1263 0.1211 0.1275 0.1154 0.1096 0.1196 0.1641 0.1611 0.1640 0.1629 0.1891 0.1905
0.5174 0.5289 0.5143 0.4594 0.3795 0.3014 0.2352 0.2169 0.1455 0.1266 0.1354 0.1127 0.1056 0.1165 0.1580 0.1587 0.1619 0.1603 0.1832 0.1850
0.5159 0.5397 0.5457 0.5285 0.4923 0.4141 0.3275 0.2936 0.1783 0.1427 0.1483 0.1195 0.1131 0.1279 0.1631 0.1699 0.1732 0.1704 0.1865 0.1883
0.5190 0.5572 0.5668 0.5799 0.5634 0.5210 0.4413 0.3904 0.2438 0.1790 0.1789 0.1322 0.1274 0.1375 0.1660 0.1663 0.1654 0.1627 0.1739 0.1853
0.5016 0.5527 0.5715 0.6112 0.6246 0.6144 0.5770 0.5248 0.3649 0.2580 0.2541 0.1643 0.1506 0.1515 0.1725 0.1582 0.1522 0.1519 0.1573 0.1747
0.4803 0.5374 0.5588 0.6136 0.6386 0.6493 0.6380 0.6021 0.4564 0.3353 0.3313 0.1930 0.1767 0.1629 0.1724 0.1503 0.1441 0.1475 0.1487 0.1691
0.4519 0.5149 0.5408 0.6095 0.6456 0.6718 0.6831 0.6746 0.5849 0.4900 0.4626 0.2792 0.2470 0.2059 0.1889 0.1520 0.1395 0.1443 0.1388 0.1591
0.4097 0.4662 0.5045 0.5816 0.6173 0.6570 0.6849 0.6925 0.6690 0.6022 0.5929 0.4066 0.3510 0.2833 0.2232 0.1659 0.1470 0.1503 0.1277 0.1449
0.4012 0.4633 0.4997 0.5773 0.6205 0.6554 0.6919 0.6974 0.7005 0.6729 0.6699 0.5208 0.4603 0.3568 0.2698 0.1860 0.1610 0.1598 0.1333 0.1510
0.3928 0.4583 0.4884 0.5620 0.6026 0.6452 0.7004 0.7090 0.7259 0.7261 0.7175 0.6323 0.5911 0.4805 0.3759 0.2644 0.2071 0.2038 0.1581 0.1555
0.3404 0.4028 0.4361 0.5253 0.5698 0.6213 0.6710 0.6905 0.7289 0.7435 0.7512 0.7051 0.6789 0.5816 0.4532 0.3161 0.2412 0.2307 0.1782 0.1568
0.3304 0.3765 0.4113 0.4805 0.5262 0.5673 0.6185 0.6389 0.6889 0.7205 0.7357 0.7249 0.7114 0.6584 0.5498 0.3961 0.2990 0.2829 0.2120 0.1723
0.3136 0.3531 0.3777 0.4575 0.4965 0.5503 0.6115 0.6345 0.6797 0.7200 0.7429 0.7606 0.7504 0.7202 0.6520 0.5069 0.4009 0.3788 0.2896 0.2041
0.3163 0.3401 0.3732 0.4310 0.4668 0.5144 0.5780 0.5986 0.6544 0.7014 0.7250 0.7565 0.7525 0.7531 0.7166 0.6349 0.5359 0.5101 0.4107 0.2688
0.3153 0.3330 0.3547 0.4097 0.4382 0.4761 0.5498 0.5606 0.6247 0.6700 0.6914 0.7348 0.7385 0.7426 0.7280 0.6886 0.6213 0.6050 0.5146 0.3666
0.3113 0.3294 0.3564 0.3997 0.4216 0.4518 0.5208 0.5254 0.5932 0.6413 0.6606 0.7169 0.7235 0.7387 0.7458 0.7236 0.6876 0.6704 0.5923 0.4587
0.2740 0.2896 0.3127 0.3561 0.3651 0.3882 0.4562 0.4517 0.5492 0.6081 0.6291 0.6970 0.7084 0.7324 0.7511 0.7562 0.7410 0.7321 0.6712 0.5415
0.2683 0.2924 0.3130 0.3528 0.3672 0.3822 0.4371 0.4306 0.5157 0.5668 0.5804 0.6550 0.6641 0.6948 0.7243 0.7467 0.7482 0.7484 0.7221 0.6340

Final Accuracy: 0.5422
Backward: -0.0311
Forward:  0.3746
