0.1053 0.1405 0.1000 0.0860 0.0736 0.0983 0.0959 0.0923 0.1451 0.1000 0.0898 0.1334 0.1005 0.0957 0.0965 0.0704 0.1042 0.0723 0.0791 0.1170
|
0.5750 0.1112 0.1128 0.0986 0.0607 0.1264 0.1051 0.0923 0.1141 0.0978 0.1062 0.0875 0.1693 0.1205 0.1042 0.0959 0.1383 0.0998 0.0622 0.1475
0.6575 0.7621 0.1572 0.1346 0.0694 0.1587 0.0928 0.0798 0.1572 0.1504 0.1359 0.1213 0.1570 0.1566 0.0752 0.0928 0.1764 0.1113 0.0631 0.1088
0.7187 0.7976 0.7982 0.1347 0.0865 0.1719 0.1248 0.0776 0.1567 0.1496 0.1318 0.1213 0.1529 0.1680 0.0906 0.1052 0.1931 0.1136 0.0712 0.1037
0.7390 0.8077 0.8318 0.8030 0.0563 0.1506 0.1241 0.0933 0.1172 0.1526 0.1198 0.1030 0.1589 0.1625 0.0995 0.1001 0.1700 0.1190 0.0692 0.1264
0.7154 0.7894 0.8248 0.7989 0.7969 0.1606 0.1314 0.0779 0.1484 0.1510 0.1384 0.1303 0.1534 0.1594 0.0863 0.1052 0.1941 0.1153 0.0767 0.1232
0.6693 0.8006 0.7931 0.8224 0.8077 0.7982 0.1213 0.0756 0.1519 0.1399 0.1399 0.1039 0.1660 0.1562 0.0904 0.1075 0.2127 0.0966 0.0720 0.1149
0.6498 0.7665 0.8000 0.8163 0.8129 0.8004 0.8494 0.0738 0.1541 0.1535 0.1377 0.1068 0.1718 0.1600 0.1077 0.0938 0.2199 0.0880 0.0776 0.1157
0.6470 0.7751 0.7773 0.8315 0.8189 0.8206 0.8466 0.8374 0.1171 0.1455 0.1448 0.0989 0.1777 0.1589 0.1063 0.0981 0.1879 0.0987 0.0744 0.1353
0.6300 0.7739 0.8002 0.8270 0.8191 0.8268 0.8569 0.8214 0.8231 0.1402 0.1371 0.1073 0.1741 0.1575 0.1095 0.0998 0.1817 0.0887 0.0836 0.1275
0.6429 0.7849 0.7984 0.8269 0.8121 0.8177 0.8487 0.8205 0.8358 0.8249 0.1447 0.1098 0.1710 0.1689 0.1210 0.1006 0.2112 0.1025 0.0895 0.1413
0.6756 0.8164 0.7976 0.8094 0.7885 0.7714 0.8192 0.8290 0.8510 0.8063 0.8566 0.1164 0.1604 0.1698 0.1208 0.1017 0.1988 0.1150 0.1017 0.1451
0.6728 0.7987 0.7969 0.7870 0.7717 0.7393 0.7927 0.8155 0.8208 0.7948 0.8483 0.8102 0.1479 0.1613 0.1204 0.1055 0.1784 0.1226 0.0949 0.1540
0.6843 0.7964 0.8047 0.8194 0.8031 0.7737 0.8176 0.8215 0.8388 0.8023 0.8332 0.8170 0.8523 0.1422 0.1355 0.1176 0.1906 0.1201 0.1117 0.1387
0.7070 0.8195 0.8012 0.8124 0.7967 0.7755 0.7997 0.8173 0.8314 0.8026 0.8341 0.8179 0.8402 0.8150 0.1340 0.1163 0.2015 0.1190 0.1124 0.1418
0.7008 0.8133 0.7979 0.8171 0.8106 0.7680 0.8147 0.8013 0.8062 0.8006 0.8529 0.8188 0.8320 0.7983 0.8192 0.1104 0.1703 0.1112 0.1257 0.1294
0.7157 0.8070 0.7818 0.8261 0.8211 0.7605 0.8219 0.8057 0.8102 0.8037 0.8501 0.8132 0.8298 0.7864 0.8097 0.8119 0.1779 0.0921 0.1106 0.1213
0.6915 0.8007 0.7950 0.8127 0.8181 0.7562 0.8282 0.8021 0.7934 0.7991 0.8520 0.8130 0.8332 0.7830 0.8161 0.8068 0.8407 0.0790 0.1069 0.1222
0.6769 0.7945 0.8145 0.8000 0.8006 0.8073 0.8291 0.8434 0.8233 0.7909 0.8231 0.7919 0.8472 0.8231 0.8191 0.7917 0.8118 0.8220 0.1165 0.1097
0.6439 0.7666 0.8118 0.7622 0.7736 0.8087 0.8042 0.8363 0.7943 0.7326 0.7880 0.7505 0.8122 0.8247 0.8064 0.7333 0.7774 0.8014 0.7986 0.1210
0.6611 0.7797 0.8216 0.7850 0.7884 0.7880 0.8054 0.8279 0.8059 0.7554 0.8145 0.7793 0.8335 0.8282 0.8172 0.7622 0.7905 0.8101 0.8188 0.8090

Diagonal Accuracy: 0.8052
Final Accuracy: 0.7941
Backward: -0.0111
Forward:  0.0236
