0.1053 0.1405 0.1000 0.0860 0.0736 0.0983 0.0959 0.0923 0.1451 0.1000 0.0898 0.1334 0.1005 0.0957 0.0965 0.0704 0.1042 0.0723 0.0791 0.1170
|
0.2998 0.1182 0.1097 0.1043 0.0616 0.0928 0.0680 0.0876 0.1133 0.1009 0.0988 0.1081 0.1136 0.0974 0.0725 0.0621 0.0933 0.0720 0.0795 0.0725
0.1587 0.1270 0.0957 0.0982 0.0942 0.0960 0.0947 0.0934 0.0972 0.0965 0.1002 0.0918 0.0953 0.0950 0.0836 0.0956 0.0955 0.0936 0.0958 0.0923
0.2197 0.2461 0.2398 0.1163 0.0806 0.0943 0.0741 0.0715 0.1114 0.0976 0.1003 0.1180 0.1346 0.0885 0.0681 0.0723 0.0860 0.0889 0.0794 0.0652
0.2570 0.2922 0.1989 0.2416 0.1166 0.1043 0.1148 0.1248 0.1482 0.1448 0.0823 0.1519 0.1204 0.1074 0.1263 0.1021 0.1274 0.1108 0.1125 0.0874
0.2496 0.3152 0.2587 0.3231 0.2609 0.1064 0.0817 0.0880 0.1574 0.1055 0.1022 0.1526 0.1452 0.0982 0.0944 0.0601 0.1027 0.1144 0.0870 0.0541
0.2329 0.2925 0.1999 0.2383 0.2582 0.2372 0.1245 0.1301 0.1462 0.1293 0.1106 0.1190 0.1344 0.1087 0.1286 0.0913 0.1164 0.1160 0.1091 0.0864
0.1814 0.1186 0.1392 0.1572 0.1536 0.1524 0.1080 0.1053 0.1069 0.1207 0.1014 0.1070 0.1520 0.1126 0.1069 0.1027 0.0911 0.0689 0.0965 0.0965
0.1637 0.1166 0.1046 0.1039 0.1373 0.1016 0.1011 0.1254 0.1017 0.1009 0.1010 0.1004 0.1364 0.1010 0.1010 0.1009 0.0998 0.1017 0.1010 0.1010
0.2070 0.1784 0.1680 0.1965 0.2267 0.1370 0.1152 0.1024 0.1648 0.0985 0.0991 0.1021 0.0787 0.0983 0.1008 0.0734 0.0733 0.1228 0.0789 0.0889
0.2715 0.1998 0.2598 0.2747 0.2360 0.3406 0.2330 0.1141 0.1869 0.2445 0.0918 0.1176 0.1064 0.1034 0.0967 0.0713 0.0931 0.1224 0.0500 0.1011
0.2823 0.2058 0.2719 0.3192 0.2558 0.3377 0.2522 0.1230 0.2448 0.3254 0.2931 0.1529 0.1538 0.1283 0.1387 0.1036 0.1361 0.1358 0.1199 0.0787
0.2610 0.2250 0.2685 0.2679 0.2739 0.3251 0.3069 0.1071 0.1797 0.3433 0.2196 0.2194 0.1678 0.0856 0.1516 0.1057 0.1761 0.1202 0.1321 0.1029
0.2263 0.1572 0.2750 0.2765 0.2602 0.3227 0.2561 0.0986 0.1320 0.3258 0.2195 0.2124 0.1934 0.0857 0.1245 0.1050 0.1147 0.1240 0.0898 0.0647
0.2000 0.1310 0.2331 0.2012 0.1881 0.2600 0.1710 0.0981 0.1065 0.2819 0.1946 0.1923 0.1709 0.1903 0.1106 0.1017 0.1344 0.0930 0.0848 0.0676
0.2217 0.1709 0.2364 0.2208 0.2624 0.2511 0.2457 0.1002 0.1387 0.3125 0.1974 0.1995 0.2039 0.2253 0.2470 0.1021 0.2067 0.0924 0.1545 0.0901
0.2440 0.2140 0.2433 0.2583 0.2636 0.3181 0.2924 0.1029 0.1619 0.3120 0.2130 0.2257 0.2066 0.2674 0.2790 0.3107 0.1925 0.1044 0.1687 0.0979
0.2187 0.2773 0.2008 0.2773 0.2613 0.2876 0.3057 0.1315 0.1806 0.2898 0.2205 0.2221 0.2246 0.2873 0.3016 0.2824 0.2575 0.1203 0.1420 0.1134
0.1992 0.1968 0.1714 0.2151 0.1998 0.2835 0.2707 0.1597 0.2036 0.2410 0.2094 0.2221 0.2121 0.2852 0.2780 0.3305 0.2911 0.2219 0.1246 0.1136
0.2234 0.2451 0.1730 0.2794 0.2255 0.2850 0.2970 0.1687 0.2520 0.2814 0.2234 0.2590 0.2248 0.2967 0.3201 0.3347 0.2851 0.2540 0.3513 0.1134
0.2283 0.2297 0.2093 0.2650 0.2526 0.3066 0.2422 0.1499 0.1935 0.3010 0.2386 0.2435 0.2332 0.3110 0.3344 0.2844 0.2526 0.3021 0.2882 0.3398

Diagonal Accuracy: 0.2337
Final Accuracy: 0.2603
Backward: 0.0266
Forward:  0.0177
