0.1263 0.1159 0.0921 0.0697 0.0637 0.0726 0.0676 0.0703 0.0742 0.0888 0.0960 0.0812 0.0776 0.0874 0.1171 0.1030 0.1110 0.1181 0.1256 0.1072
|
0.2354 0.2338 0.2200 0.1967 0.1629 0.1377 0.1107 0.1162 0.0921 0.1044 0.1253 0.1544 0.1517 0.1797 0.2028 0.2045 0.2035 0.1904 0.2032 0.2145
0.3197 0.3099 0.3005 0.2779 0.2444 0.2086 0.1645 0.1604 0.1209 0.1209 0.1377 0.1337 0.1316 0.1474 0.1767 0.1842 0.1867 0.1796 0.1921 0.2169
0.3589 0.3563 0.3444 0.3087 0.2717 0.2287 0.1859 0.1708 0.1224 0.1185 0.1289 0.1290 0.1276 0.1486 0.1758 0.1890 0.1839 0.1753 0.1804 0.1928
0.4251 0.4352 0.4320 0.4156 0.3540 0.2898 0.2339 0.2086 0.1353 0.1249 0.1401 0.1239 0.1246 0.1435 0.1691 0.1814 0.1782 0.1756 0.1820 0.1937
0.4481 0.4722 0.4729 0.4570 0.4048 0.3371 0.2672 0.2378 0.1573 0.1449 0.1522 0.1489 0.1386 0.1588 0.1827 0.1882 0.1900 0.1929 0.2092 0.2181
0.4640 0.4918 0.4992 0.5062 0.4835 0.4493 0.3904 0.3349 0.2091 0.1726 0.1704 0.1443 0.1383 0.1489 0.1737 0.1791 0.1850 0.1867 0.2034 0.2149
0.4179 0.4430 0.4492 0.4673 0.4540 0.4318 0.3968 0.3644 0.2594 0.2099 0.2017 0.1531 0.1454 0.1515 0.1585 0.1741 0.1810 0.1829 0.1857 0.1936
0.4330 0.4552 0.4624 0.4885 0.4863 0.4702 0.4481 0.4253 0.3228 0.2716 0.2508 0.1620 0.1514 0.1498 0.1568 0.1687 0.1746 0.1723 0.1756 0.1776
0.4780 0.5045 0.5129 0.5391 0.5417 0.5565 0.5445 0.5234 0.4339 0.3666 0.3249 0.2092 0.1921 0.1578 0.1695 0.1787 0.1793 0.1764 0.1884 0.1907
0.5011 0.5267 0.5373 0.5598 0.5583 0.5721 0.5593 0.5346 0.4502 0.3841 0.3532 0.2335 0.2139 0.1758 0.1727 0.1714 0.1646 0.1638 0.1750 0.1798
0.4774 0.5029 0.5202 0.5510 0.5551 0.5561 0.5439 0.5324 0.4759 0.4280 0.4036 0.2725 0.2438 0.2027 0.1851 0.1745 0.1704 0.1679 0.1770 0.1934
0.4577 0.4912 0.5132 0.5491 0.5549 0.5600 0.5523 0.5313 0.4832 0.4561 0.4459 0.3557 0.3382 0.2851 0.2463 0.2041 0.1785 0.1752 0.1847 0.1932
0.4730 0.5131 0.5252 0.5652 0.5692 0.5805 0.5822 0.5688 0.5351 0.5186 0.5185 0.4524 0.4263 0.3520 0.2843 0.2166 0.1800 0.1758 0.1746 0.1868
0.4804 0.5226 0.5273 0.5609 0.5576 0.5589 0.5605 0.5392 0.5180 0.5005 0.4994 0.4493 0.4311 0.3705 0.3166 0.2484 0.2041 0.1975 0.1824 0.1851
0.4807 0.5260 0.5346 0.5704 0.5663 0.5665 0.5687 0.5445 0.5165 0.5021 0.4954 0.4480 0.4381 0.3861 0.3297 0.2755 0.2422 0.2283 0.2145 0.2097
0.4674 0.5180 0.5271 0.5604 0.5603 0.5704 0.5716 0.5578 0.5177 0.5070 0.4978 0.4777 0.4708 0.4445 0.3995 0.3448 0.2983 0.2784 0.2431 0.2261
0.4613 0.5104 0.5185 0.5522 0.5520 0.5597 0.5608 0.5440 0.5262 0.5138 0.5146 0.5028 0.5038 0.4882 0.4588 0.4136 0.3695 0.3442 0.2931 0.2607
0.4781 0.5219 0.5347 0.5635 0.5623 0.5728 0.5854 0.5658 0.5622 0.5396 0.5401 0.5412 0.5259 0.5156 0.4878 0.4485 0.4112 0.3885 0.3583 0.3037
0.4611 0.5083 0.5224 0.5646 0.5639 0.5661 0.5699 0.5499 0.5411 0.5282 0.5252 0.5203 0.5074 0.5015 0.4889 0.4573 0.4214 0.4059 0.3772 0.3143
0.4649 0.4974 0.5124 0.5354 0.5376 0.5402 0.5541 0.5411 0.5362 0.5286 0.5254 0.5156 0.5008 0.4881 0.4693 0.4370 0.4015 0.3882 0.3684 0.3313

Diagonal Accuracy: 0.3748
Final Accuracy: 0.4837
Backward: 0.1088
Forward:  0.2231
