0.1118 0.1240 0.1107 0.1140 0.0909 0.0850 0.0733 0.0870 0.0747 0.0709 0.0685 0.0569 0.0524 0.0489 0.0526 0.0545 0.0734 0.0754 0.0778 0.0705
|
0.2023 0.2165 0.2066 0.1950 0.1723 0.1459 0.1088 0.1175 0.0889 0.0773 0.0796 0.0637 0.0661 0.0658 0.0590 0.0621 0.0670 0.0667 0.0606 0.0544
0.2844 0.2668 0.2497 0.1803 0.1573 0.1254 0.1109 0.1165 0.1078 0.0953 0.0976 0.0798 0.0815 0.0696 0.0684 0.0746 0.0813 0.0871 0.0922 0.0995
0.3361 0.3383 0.3130 0.2178 0.1803 0.1454 0.1194 0.1210 0.1148 0.1053 0.0971 0.0833 0.0887 0.0829 0.0893 0.0907 0.0875 0.0873 0.0940 0.0955
0.4074 0.4426 0.4262 0.3756 0.3196 0.2783 0.2119 0.2144 0.1304 0.0953 0.0924 0.0821 0.0839 0.0869 0.0972 0.0832 0.0752 0.0730 0.0657 0.0598
0.4731 0.5143 0.5145 0.4814 0.4435 0.3909 0.3086 0.2975 0.1748 0.1201 0.1094 0.0861 0.0858 0.0809 0.0838 0.0729 0.0631 0.0625 0.0621 0.0739
0.5221 0.5768 0.5899 0.5839 0.5445 0.4867 0.3839 0.3697 0.2181 0.1565 0.1418 0.0999 0.0932 0.0866 0.0866 0.0719 0.0656 0.0687 0.0630 0.0678
0.5273 0.5887 0.6050 0.6212 0.5872 0.5423 0.4462 0.4206 0.2684 0.1972 0.1751 0.1125 0.1042 0.0885 0.0887 0.0763 0.0711 0.0731 0.0709 0.0705
0.5371 0.5970 0.6160 0.6285 0.6007 0.5629 0.4741 0.4502 0.2963 0.2155 0.1843 0.1110 0.0982 0.0845 0.0815 0.0696 0.0653 0.0708 0.0652 0.0660
0.5350 0.6003 0.6150 0.6445 0.6244 0.5935 0.5214 0.4973 0.3360 0.2506 0.2128 0.1335 0.1210 0.1066 0.1022 0.0887 0.0787 0.0864 0.0780 0.0693
0.5094 0.5742 0.5938 0.6440 0.6336 0.6151 0.5634 0.5379 0.3839 0.2941 0.2659 0.1693 0.1584 0.1407 0.1309 0.1075 0.0962 0.1006 0.0882 0.0751
0.5106 0.5811 0.5982 0.6594 0.6457 0.6361 0.5976 0.5832 0.4547 0.3651 0.3303 0.2119 0.1955 0.1639 0.1523 0.1255 0.1138 0.1202 0.1046 0.0855
0.4945 0.5642 0.5810 0.6265 0.6199 0.6123 0.5881 0.5739 0.4550 0.3899 0.3445 0.2390 0.2220 0.1854 0.1704 0.1456 0.1324 0.1360 0.1245 0.0992
0.5251 0.5917 0.6159 0.6515 0.6393 0.6296 0.5982 0.5879 0.4955 0.4474 0.4100 0.3007 0.2793 0.2194 0.1780 0.1451 0.1311 0.1318 0.1246 0.1035
0.5158 0.5807 0.6063 0.6589 0.6542 0.6515 0.6304 0.6195 0.5580 0.5074 0.4732 0.3716 0.3572 0.2922 0.2326 0.1772 0.1554 0.1531 0.1370 0.1060
0.5233 0.5884 0.6112 0.6563 0.6563 0.6536 0.6299 0.6219 0.5711 0.5360 0.5106 0.4151 0.4044 0.3435 0.2755 0.2004 0.1666 0.1639 0.1429 0.1088
0.5254 0.5829 0.6052 0.6541 0.6557 0.6533 0.6343 0.6270 0.5780 0.5539 0.5283 0.4484 0.4396 0.3940 0.3412 0.2621 0.2277 0.2127 0.1831 0.1381
0.5389 0.5977 0.6181 0.6679 0.6664 0.6602 0.6450 0.6370 0.6074 0.5789 0.5556 0.4815 0.4700 0.4141 0.3791 0.3292 0.2810 0.2558 0.2231 0.1434
0.5223 0.5885 0.6100 0.6585 0.6621 0.6540 0.6297 0.6233 0.5860 0.5650 0.5529 0.4913 0.4837 0.4517 0.4236 0.3753 0.3356 0.3006 0.2548 0.1515
0.5187 0.5832 0.6139 0.6737 0.6779 0.6731 0.6549 0.6466 0.6228 0.5979 0.5895 0.5247 0.5149 0.4849 0.4651 0.4178 0.3930 0.3815 0.3197 0.2060
0.5122 0.5798 0.6065 0.6694 0.6723 0.6662 0.6448 0.6356 0.6115 0.5923 0.5847 0.5240 0.5221 0.4889 0.4810 0.4496 0.4380 0.4242 0.3744 0.2606

Diagonal Accuracy: 0.3227
Final Accuracy: 0.5369
Backward: 0.2142
Forward:  0.1791
