0.1005 0.0852 0.0834 0.0679 0.0769 0.0953 0.1366 0.1387 0.0933 0.1164 0.0425 0.0863 0.1121 0.0770 0.1798 0.1264 0.1064 0.0949 0.1235 0.0644
|
0.1028 0.0852 0.0834 0.0679 0.0769 0.0953 0.1366 0.1387 0.0933 0.1164 0.0425 0.0863 0.1121 0.0770 0.1798 0.1264 0.1064 0.0949 0.1235 0.0644
0.1028 0.1028 0.0834 0.0679 0.0769 0.0953 0.1366 0.1387 0.0933 0.1164 0.0425 0.0863 0.1121 0.0770 0.1798 0.1264 0.1064 0.0949 0.1235 0.0644
0.1028 0.1028 0.0956 0.0679 0.0769 0.0953 0.1366 0.1387 0.0933 0.1164 0.0425 0.0863 0.1121 0.0770 0.1798 0.1264 0.1064 0.0949 0.1235 0.0644
0.1028 0.1028 0.0956 0.0957 0.0769 0.0953 0.1366 0.1387 0.0933 0.1164 0.0425 0.0863 0.1121 0.0770 0.1798 0.1264 0.1064 0.0949 0.1235 0.0644
0.1028 0.1028 0.0956 0.0957 0.0981 0.0953 0.1366 0.1387 0.0933 0.1164 0.0425 0.0863 0.1121 0.0770 0.1798 0.1264 0.1064 0.0949 0.1235 0.0644
0.1028 0.1028 0.0956 0.0957 0.0981 0.1136 0.1366 0.1387 0.0933 0.1164 0.0425 0.0863 0.1121 0.0770 0.1798 0.1264 0.1064 0.0949 0.1235 0.0644
0.1028 0.1028 0.0956 0.0957 0.0981 0.1136 0.1028 0.1387 0.0933 0.1164 0.0425 0.0863 0.1121 0.0770 0.1798 0.1264 0.1064 0.0949 0.1235 0.0644
0.1028 0.1028 0.0956 0.0957 0.0981 0.1136 0.1028 0.1028 0.0933 0.1164 0.0425 0.0863 0.1121 0.0770 0.1798 0.1264 0.1064 0.0949 0.1235 0.0644
0.1028 0.1028 0.0956 0.0957 0.0981 0.1136 0.1028 0.1028 0.1027 0.1164 0.0425 0.0863 0.1121 0.0770 0.1798 0.1264 0.1064 0.0949 0.1235 0.0644
0.1028 0.1028 0.0956 0.0957 0.0981 0.1136 0.1028 0.1028 0.1027 0.1019 0.0425 0.0863 0.1121 0.0770 0.1798 0.1264 0.1064 0.0949 0.1235 0.0644
0.1028 0.1028 0.0956 0.0957 0.0981 0.1136 0.1028 0.1028 0.1027 0.1019 0.1159 0.0863 0.1121 0.0770 0.1798 0.1264 0.1064 0.0949 0.1235 0.0644
0.1028 0.1028 0.0956 0.0957 0.0981 0.1136 0.1028 0.1028 0.1027 0.1019 0.1159 0.1010 0.1121 0.0770 0.1798 0.1264 0.1064 0.0949 0.1235 0.0644
0.1028 0.1028 0.0956 0.0957 0.0981 0.1136 0.1028 0.1028 0.1027 0.1019 0.1159 0.1010 0.1010 0.0770 0.1798 0.1264 0.1064 0.0949 0.1235 0.0644
0.1028 0.1028 0.0956 0.0957 0.0981 0.1136 0.1028 0.1028 0.1027 0.1019 0.1159 0.1010 0.1010 0.0980 0.1798 0.1264 0.1064 0.0949 0.1235 0.0644
0.1028 0.1028 0.0956 0.0957 0.0981 0.1136 0.1028 0.1028 0.1027 0.1019 0.1159 0.1010 0.1010 0.0980 0.0980 0.1264 0.1064 0.0949 0.1235 0.0644
0.1028 0.1028 0.0956 0.0957 0.0981 0.1136 0.1028 0.1028 0.1027 0.1019 0.1159 0.1010 0.1010 0.0980 0.0980 0.0980 0.1064 0.0949 0.1235 0.0644
0.1028 0.1028 0.0956 0.0957 0.0981 0.1136 0.1028 0.1028 0.1027 0.1019 0.1159 0.1010 0.1010 0.0980 0.0980 0.0980 0.0983 0.0949 0.1235 0.0644
0.1028 0.1028 0.0956 0.0957 0.0981 0.1136 0.1028 0.1028 0.1027 0.1019 0.1159 0.1010 0.1010 0.0980 0.0980 0.0980 0.0983 0.1010 0.1235 0.0644
0.1028 0.1028 0.0956 0.0957 0.0981 0.1136 0.1028 0.1028 0.1027 0.1019 0.1159 0.1010 0.1010 0.0980 0.0980 0.0980 0.0983 0.1010 0.1010 0.0644
0.1028 0.1028 0.0956 0.0957 0.0981 0.1136 0.1028 0.1028 0.1027 0.1019 0.1159 0.1010 0.1010 0.0980 0.0980 0.0980 0.0983 0.1010 0.1010 0.1010

Diagonal Accuracy: 0.1016
Final Accuracy: 0.1016
Backward: 0.0000
Forward:  0.0000
