0.1263 0.1159 0.0921 0.0697 0.0637 0.0726 0.0676 0.0703 0.0742 0.0888 0.0960 0.0812 0.0776 0.0874 0.1171 0.1030 0.1110 0.1181 0.1256 0.1072
|
0.2583 0.2463 0.2287 0.1952 0.1623 0.1402 0.1126 0.1155 0.0990 0.1112 0.1301 0.1585 0.1563 0.1839 0.2052 0.2066 0.2065 0.1951 0.2077 0.2205
0.3398 0.3319 0.3286 0.2868 0.2493 0.2067 0.1659 0.1637 0.1280 0.1240 0.1233 0.1310 0.1204 0.1367 0.1685 0.1826 0.1861 0.1775 0.1949 0.2128
0.4013 0.4020 0.3990 0.3557 0.3228 0.2750 0.2073 0.1889 0.1030 0.0836 0.0835 0.0879 0.0948 0.1211 0.1634 0.1755 0.1766 0.1612 0.1700 0.1760
0.5009 0.5097 0.4997 0.4308 0.3560 0.2830 0.2033 0.1776 0.1042 0.0847 0.0932 0.1068 0.1058 0.1274 0.1572 0.1572 0.1595 0.1510 0.1702 0.1871
0.5401 0.5531 0.5440 0.4855 0.4201 0.3440 0.2559 0.2188 0.1275 0.0982 0.1045 0.1124 0.1128 0.1318 0.1601 0.1553 0.1457 0.1395 0.1461 0.1571
0.5627 0.5768 0.5704 0.5453 0.4874 0.4390 0.3598 0.3213 0.1975 0.1576 0.1515 0.1344 0.1358 0.1492 0.1703 0.1684 0.1670 0.1591 0.1658 0.1784
0.5823 0.5962 0.5851 0.5669 0.5213 0.4686 0.4074 0.3742 0.2362 0.1710 0.1590 0.1186 0.1192 0.1247 0.1535 0.1505 0.1479 0.1413 0.1430 0.1583
0.5735 0.6035 0.6101 0.5988 0.5786 0.5445 0.4966 0.4585 0.3242 0.2414 0.2202 0.1454 0.1346 0.1270 0.1519 0.1557 0.1523 0.1448 0.1492 0.1758
0.5978 0.6241 0.6281 0.6174 0.5961 0.5718 0.5341 0.5073 0.4012 0.3174 0.3034 0.1955 0.1821 0.1549 0.1585 0.1471 0.1412 0.1324 0.1326 0.1561
0.5825 0.6156 0.6244 0.6341 0.6234 0.6212 0.5918 0.5722 0.4661 0.3844 0.3721 0.2656 0.2324 0.1896 0.1718 0.1494 0.1401 0.1401 0.1470 0.1675
0.5832 0.6160 0.6260 0.6389 0.6258 0.6220 0.5955 0.5834 0.4928 0.4213 0.4011 0.2897 0.2567 0.2102 0.1757 0.1487 0.1421 0.1402 0.1541 0.1673
0.5715 0.6106 0.6229 0.6349 0.6269 0.6328 0.6035 0.5917 0.5420 0.4872 0.4809 0.3854 0.3532 0.2920 0.2392 0.1819 0.1628 0.1593 0.1615 0.1809
0.5760 0.6160 0.6297 0.6438 0.6366 0.6461 0.6248 0.6096 0.5739 0.5390 0.5307 0.4598 0.4357 0.3511 0.2843 0.2002 0.1753 0.1692 0.1717 0.1943
0.5638 0.5991 0.6126 0.6283 0.6201 0.6211 0.6127 0.6010 0.5721 0.5439 0.5440 0.4826 0.4647 0.3822 0.3100 0.2186 0.1943 0.1916 0.1821 0.1991
0.5513 0.5853 0.5906 0.6103 0.6060 0.6051 0.5917 0.5842 0.5740 0.5536 0.5596 0.5062 0.4893 0.4142 0.3395 0.2513 0.2176 0.2089 0.1872 0.1926
0.5469 0.5901 0.6080 0.6302 0.6392 0.6447 0.6446 0.6327 0.6030 0.5887 0.5871 0.5386 0.5270 0.4549 0.3779 0.2852 0.2414 0.2314 0.2051 0.2097
0.5462 0.5872 0.6051 0.6321 0.6396 0.6511 0.6481 0.6379 0.6128 0.5998 0.5947 0.5690 0.5684 0.5271 0.4720 0.3801 0.3239 0.2877 0.2413 0.2125
0.5331 0.5781 0.5893 0.6048 0.5989 0.6084 0.6106 0.6044 0.5962 0.5832 0.5845 0.5658 0.5579 0.5269 0.4878 0.4258 0.3705 0.3407 0.2814 0.2340
0.5325 0.5842 0.5931 0.6207 0.6317 0.6401 0.6479 0.6333 0.6148 0.5993 0.5983 0.5940 0.5941 0.5737 0.5302 0.4680 0.4198 0.3911 0.3328 0.2696
0.5365 0.5814 0.5990 0.6070 0.6123 0.6276 0.6246 0.6210 0.5922 0.5840 0.5826 0.5810 0.5784 0.5692 0.5385 0.4910 0.4447 0.4259 0.3742 0.3053

Diagonal Accuracy: 0.3731
Final Accuracy: 0.5438
Backward: 0.1707
Forward:  0.2137
