0.1263 0.1159 0.0921 0.0697 0.0637 0.0726 0.0676 0.0703 0.0742 0.0888 0.0960 0.0812 0.0776 0.0874 0.1171 0.1030 0.1110 0.1181 0.1256 0.1072
|
0.2534 0.2402 0.2229 0.1906 0.1596 0.1377 0.1095 0.1144 0.0966 0.1046 0.1237 0.1512 0.1471 0.1753 0.2038 0.2060 0.2073 0.1941 0.2104 0.2202
0.3322 0.3196 0.3123 0.2833 0.2531 0.2171 0.1698 0.1604 0.1240 0.1205 0.1189 0.1193 0.1126 0.1262 0.1506 0.1735 0.1846 0.1837 0.2061 0.2272
0.4075 0.4012 0.3934 0.3388 0.2992 0.2432 0.1751 0.1585 0.0843 0.0694 0.0714 0.0776 0.0891 0.1082 0.1469 0.1671 0.1664 0.1596 0.1741 0.1839
0.4285 0.4348 0.4416 0.4063 0.3623 0.3081 0.2253 0.2068 0.1179 0.0980 0.0988 0.0950 0.0988 0.1185 0.1387 0.1483 0.1563 0.1555 0.1720 0.1845
0.5020 0.5180 0.5222 0.4914 0.4360 0.3658 0.2731 0.2407 0.1315 0.1053 0.1087 0.1116 0.1099 0.1319 0.1594 0.1624 0.1548 0.1555 0.1692 0.1845
0.5098 0.5319 0.5389 0.5168 0.4647 0.4016 0.3175 0.2777 0.1683 0.1339 0.1299 0.1241 0.1264 0.1376 0.1590 0.1598 0.1540 0.1554 0.1716 0.1896
0.5400 0.5681 0.5744 0.5667 0.5438 0.5121 0.4486 0.4046 0.2471 0.1819 0.1651 0.1353 0.1346 0.1429 0.1636 0.1643 0.1666 0.1683 0.1811 0.1968
0.5559 0.5863 0.5991 0.5966 0.5820 0.5552 0.5030 0.4664 0.3147 0.2433 0.2025 0.1480 0.1414 0.1389 0.1528 0.1490 0.1510 0.1496 0.1626 0.1843
0.5658 0.5938 0.6029 0.6068 0.5901 0.5771 0.5394 0.5085 0.3841 0.2962 0.2567 0.1699 0.1592 0.1387 0.1477 0.1419 0.1401 0.1406 0.1606 0.1827
0.5523 0.5863 0.5998 0.6102 0.6074 0.5946 0.5632 0.5300 0.4088 0.3239 0.2957 0.1813 0.1704 0.1442 0.1537 0.1442 0.1435 0.1409 0.1537 0.1784
0.5584 0.5938 0.6119 0.6255 0.6193 0.6109 0.5844 0.5576 0.4599 0.3868 0.3612 0.2371 0.2158 0.1818 0.1662 0.1460 0.1440 0.1497 0.1650 0.1929
0.5536 0.5862 0.5992 0.6117 0.6112 0.6098 0.5967 0.5680 0.4993 0.4460 0.4281 0.3194 0.2941 0.2328 0.1987 0.1601 0.1542 0.1564 0.1740 0.1966
0.5573 0.5932 0.6077 0.6257 0.6208 0.6249 0.6070 0.5861 0.5213 0.4804 0.4625 0.3650 0.3390 0.2685 0.2197 0.1611 0.1500 0.1486 0.1656 0.1826
0.5573 0.5868 0.6023 0.6224 0.6158 0.6198 0.6059 0.5822 0.5352 0.4936 0.4940 0.4104 0.3985 0.3303 0.2780 0.1997 0.1737 0.1698 0.1735 0.1893
0.5506 0.5846 0.5957 0.6175 0.6176 0.6184 0.6045 0.5851 0.5472 0.5133 0.5109 0.4412 0.4230 0.3583 0.2985 0.2208 0.1921 0.1856 0.1793 0.1892
0.5563 0.5842 0.5986 0.6293 0.6314 0.6339 0.6240 0.6075 0.5576 0.5233 0.5215 0.4715 0.4621 0.4113 0.3607 0.2781 0.2360 0.2174 0.1916 0.1916
0.5615 0.5936 0.6052 0.6284 0.6255 0.6292 0.6197 0.6021 0.5582 0.5321 0.5270 0.4934 0.4811 0.4463 0.4104 0.3400 0.2939 0.2586 0.2152 0.1910
0.5648 0.5892 0.5964 0.6181 0.6142 0.6193 0.6122 0.5994 0.5636 0.5400 0.5369 0.5055 0.4989 0.4754 0.4516 0.3959 0.3517 0.3230 0.2644 0.2041
0.5456 0.5784 0.5908 0.6144 0.6154 0.6180 0.6134 0.5974 0.5566 0.5400 0.5240 0.5018 0.4945 0.4741 0.4586 0.4212 0.3788 0.3591 0.2996 0.2308
0.5482 0.5746 0.5807 0.6110 0.5976 0.6026 0.5969 0.5849 0.5547 0.5358 0.5287 0.5193 0.5132 0.5029 0.4934 0.4508 0.4136 0.3923 0.3387 0.2695

Diagonal Accuracy: 0.3473
Final Accuracy: 0.5105
Backward: 0.1632
Forward:  0.1899
