0.1263 0.1159 0.0921 0.0697 0.0637 0.0726 0.0676 0.0703 0.0742 0.0888 0.0960 0.0812 0.0776 0.0874 0.1171 0.1030 0.1110 0.1181 0.1256 0.1072
|
0.2204 0.2157 0.2012 0.1799 0.1506 0.1252 0.1044 0.1103 0.1009 0.1165 0.1292 0.1663 0.1609 0.1830 0.1941 0.1983 0.2017 0.1957 0.2016 0.2067
0.3411 0.3220 0.3022 0.2610 0.2301 0.2048 0.1736 0.1660 0.1448 0.1415 0.1440 0.1391 0.1316 0.1385 0.1415 0.1682 0.1806 0.1785 0.1995 0.2180
0.4041 0.3943 0.3756 0.3109 0.2634 0.2132 0.1549 0.1382 0.0783 0.0649 0.0678 0.0847 0.0891 0.0976 0.1085 0.1132 0.1255 0.1209 0.1396 0.1553
0.4966 0.4931 0.4889 0.4413 0.3626 0.2861 0.2031 0.1747 0.1027 0.0867 0.0901 0.0942 0.0978 0.1013 0.1039 0.1044 0.1117 0.1065 0.1282 0.1401
0.4613 0.4691 0.4687 0.4228 0.3728 0.3281 0.2810 0.2589 0.1893 0.1846 0.1910 0.1818 0.1726 0.1636 0.1607 0.1533 0.1587 0.1560 0.1748 0.1676
0.4462 0.4511 0.4495 0.4079 0.3724 0.3487 0.3218 0.2955 0.2250 0.2040 0.1998 0.1942 0.1833 0.1745 0.1788 0.1803 0.1843 0.1786 0.1866 0.1753
0.4246 0.4545 0.4720 0.4643 0.4435 0.4322 0.4059 0.3942 0.3166 0.2592 0.2565 0.1991 0.1958 0.1836 0.1947 0.1805 0.1834 0.1800 0.1820 0.1627
0.4196 0.4460 0.4607 0.4749 0.4668 0.4901 0.4951 0.4831 0.3886 0.3138 0.3010 0.2073 0.2047 0.1825 0.1831 0.1643 0.1641 0.1595 0.1653 0.1548
0.3745 0.3955 0.4177 0.4669 0.4824 0.5213 0.5216 0.5075 0.4196 0.3490 0.3076 0.2267 0.2145 0.1809 0.1588 0.1413 0.1383 0.1389 0.1426 0.1324
0.3501 0.3925 0.4186 0.5148 0.5436 0.5782 0.5687 0.5612 0.4702 0.4019 0.3586 0.2591 0.2412 0.1939 0.1655 0.1444 0.1460 0.1491 0.1604 0.1625
0.3448 0.3778 0.4009 0.4789 0.5189 0.5695 0.5735 0.5687 0.5059 0.4456 0.4115 0.2907 0.2679 0.2099 0.1744 0.1543 0.1505 0.1519 0.1649 0.1643
0.3293 0.3636 0.3908 0.4370 0.4731 0.5232 0.5513 0.5491 0.5315 0.4976 0.4943 0.3888 0.3643 0.2982 0.2341 0.1695 0.1637 0.1677 0.1720 0.1790
0.3287 0.3502 0.3652 0.4010 0.4296 0.4824 0.5262 0.5331 0.5457 0.5333 0.5248 0.4527 0.4290 0.3705 0.3003 0.2308 0.2000 0.2031 0.1861 0.1948
0.3184 0.3458 0.3668 0.3909 0.4100 0.4511 0.4924 0.4961 0.5340 0.5379 0.5236 0.4933 0.4721 0.4062 0.3465 0.2749 0.2346 0.2297 0.2010 0.1915
0.3076 0.3359 0.3587 0.3901 0.4122 0.4461 0.4706 0.4595 0.4928 0.5092 0.5122 0.4951 0.4919 0.4574 0.4011 0.3163 0.2624 0.2524 0.2109 0.1710
0.2967 0.3123 0.3335 0.3483 0.3706 0.3870 0.4008 0.3947 0.4191 0.4361 0.4591 0.4751 0.4763 0.4722 0.4411 0.3701 0.3140 0.2988 0.2622 0.2205
0.2411 0.2572 0.2569 0.2702 0.2865 0.3044 0.3156 0.3149 0.3523 0.3906 0.4259 0.4528 0.4554 0.4517 0.4400 0.3989 0.3616 0.3357 0.3038 0.2587
0.2746 0.2944 0.3133 0.3420 0.3438 0.3640 0.3821 0.3793 0.4381 0.4691 0.4977 0.5360 0.5396 0.5484 0.5443 0.5079 0.4750 0.4521 0.4080 0.3278
0.2828 0.3105 0.3347 0.3667 0.3787 0.4055 0.4377 0.4425 0.4892 0.5161 0.5317 0.5560 0.5548 0.5650 0.5636 0.5393 0.5046 0.4807 0.4362 0.3392
0.2521 0.2928 0.3264 0.3963 0.4106 0.4375 0.4613 0.4566 0.4896 0.5091 0.5159 0.5304 0.5346 0.5388 0.5295 0.4976 0.4786 0.4592 0.4326 0.3741

Diagonal Accuracy: 0.3911
Final Accuracy: 0.4462
Backward: 0.0551
Forward:  0.2339
