0.1263 0.1159 0.0921 0.0697 0.0637 0.0726 0.0676 0.0703 0.0742 0.0888 0.0960 0.0812 0.0776 0.0874 0.1171 0.1030 0.1110 0.1181 0.1256 0.1072
|
0.2343 0.2260 0.2086 0.1873 0.1571 0.1341 0.1079 0.1124 0.1026 0.1203 0.1324 0.1695 0.1646 0.1855 0.2014 0.2029 0.2049 0.1960 0.2021 0.2099
0.3118 0.2961 0.2853 0.2511 0.2148 0.1854 0.1411 0.1384 0.1226 0.1185 0.1160 0.1182 0.1056 0.1171 0.1303 0.1558 0.1846 0.1856 0.2147 0.2356
0.3891 0.3879 0.3822 0.3236 0.2817 0.2306 0.1704 0.1581 0.0973 0.0865 0.0907 0.0856 0.0841 0.1014 0.1203 0.1416 0.1638 0.1673 0.1972 0.2135
0.4681 0.4671 0.4652 0.3993 0.3398 0.2714 0.1921 0.1719 0.0982 0.0791 0.0840 0.0880 0.0890 0.1097 0.1436 0.1561 0.1649 0.1591 0.1803 0.1967
0.4861 0.5079 0.5180 0.4916 0.4445 0.3666 0.2721 0.2440 0.1368 0.1144 0.1141 0.1073 0.1108 0.1299 0.1524 0.1654 0.1748 0.1690 0.1838 0.1957
0.5274 0.5525 0.5582 0.5440 0.5091 0.4607 0.3671 0.3287 0.1816 0.1338 0.1335 0.1144 0.1130 0.1335 0.1532 0.1618 0.1650 0.1630 0.1757 0.1875
0.5076 0.5378 0.5530 0.5582 0.5444 0.5173 0.4610 0.4267 0.2656 0.1969 0.1756 0.1253 0.1195 0.1321 0.1539 0.1730 0.1772 0.1740 0.1840 0.1982
0.5450 0.5688 0.5724 0.5708 0.5407 0.5083 0.4563 0.4308 0.2900 0.2235 0.1852 0.1333 0.1343 0.1369 0.1557 0.1628 0.1640 0.1629 0.1691 0.1913
0.5484 0.5767 0.5890 0.5973 0.5881 0.5790 0.5393 0.5112 0.3787 0.2978 0.2686 0.1717 0.1551 0.1378 0.1544 0.1550 0.1560 0.1529 0.1659 0.1853
0.5420 0.5779 0.5884 0.5972 0.5863 0.5825 0.5474 0.5229 0.4092 0.3273 0.3150 0.1935 0.1805 0.1536 0.1631 0.1600 0.1543 0.1556 0.1653 0.1907
0.5445 0.5802 0.5966 0.6134 0.6067 0.6053 0.5757 0.5559 0.4593 0.3885 0.3666 0.2401 0.2180 0.1839 0.1687 0.1507 0.1480 0.1468 0.1553 0.1853
0.5559 0.5906 0.6017 0.6265 0.6268 0.6256 0.6027 0.5816 0.5086 0.4509 0.4380 0.3305 0.3002 0.2429 0.2062 0.1652 0.1518 0.1490 0.1558 0.1793
0.5418 0.5793 0.5978 0.6195 0.6146 0.6178 0.6027 0.5836 0.5302 0.4902 0.4842 0.3923 0.3629 0.2979 0.2334 0.1776 0.1598 0.1585 0.1614 0.1894
0.5392 0.5757 0.5970 0.6202 0.6154 0.6191 0.6059 0.5870 0.5447 0.5083 0.5101 0.4411 0.4192 0.3488 0.2846 0.2126 0.1784 0.1736 0.1675 0.1822
0.5466 0.5767 0.5916 0.6210 0.6177 0.6204 0.6062 0.5872 0.5493 0.5135 0.5173 0.4532 0.4341 0.3643 0.3038 0.2301 0.1980 0.1905 0.1811 0.1916
0.5275 0.5643 0.5758 0.6015 0.6002 0.5968 0.5874 0.5721 0.5376 0.5141 0.5098 0.4607 0.4464 0.3897 0.3337 0.2634 0.2238 0.2138 0.1989 0.2055
0.5390 0.5871 0.5955 0.6260 0.6306 0.6363 0.6248 0.6054 0.5651 0.5437 0.5369 0.5014 0.4886 0.4441 0.3978 0.3279 0.2791 0.2574 0.2319 0.2225
0.5489 0.5915 0.6038 0.6284 0.6257 0.6359 0.6284 0.6109 0.5758 0.5531 0.5513 0.5260 0.5187 0.4800 0.4476 0.3870 0.3391 0.3176 0.2660 0.2355
0.5414 0.5845 0.5860 0.6218 0.6147 0.6225 0.6112 0.6056 0.5782 0.5621 0.5643 0.5513 0.5467 0.5165 0.4992 0.4384 0.3885 0.3574 0.2985 0.2434
0.5243 0.5685 0.5799 0.6070 0.6013 0.6134 0.6055 0.6006 0.5819 0.5662 0.5647 0.5570 0.5551 0.5325 0.5164 0.4697 0.4273 0.4020 0.3447 0.2783

Diagonal Accuracy: 0.3482
Final Accuracy: 0.5248
Backward: 0.1766
Forward:  0.1921
