0.1053 0.1405 0.1000 0.0860 0.0736 0.0983 0.0959 0.0923 0.1451 0.1000 0.0898 0.1334 0.1005 0.0957 0.0965 0.0704 0.1042 0.0723 0.0791 0.1170
|
0.1733 0.0713 0.1635 0.0693 0.0792 0.1456 0.1192 0.0904 0.1299 0.0925 0.1470 0.1057 0.0807 0.0994 0.1308 0.0490 0.1436 0.0959 0.0730 0.0926
0.1028 0.1028 0.1028 0.1028 0.1028 0.1028 0.1028 0.1028 0.1028 0.1028 0.1028 0.1028 0.1028 0.1028 0.1028 0.1028 0.1028 0.1028 0.1028 0.1028
0.1125 0.1852 0.0957 0.0957 0.0980 0.0958 0.0957 0.0908 0.0962 0.0957 0.1016 0.0946 0.0957 0.0979 0.0952 0.0952 0.0959 0.0956 0.0949 0.0929
0.1327 0.1859 0.1121 0.0997 0.0814 0.0954 0.0978 0.0915 0.0967 0.0934 0.1005 0.1071 0.0948 0.1019 0.0947 0.0930 0.0960 0.0957 0.0920 0.0947
0.0980 0.1281 0.2001 0.1987 0.1332 0.0800 0.1087 0.0845 0.0805 0.0950 0.1053 0.0946 0.1015 0.0966 0.0854 0.0696 0.0828 0.0965 0.0975 0.0990
0.2236 0.2003 0.1677 0.1879 0.2600 0.1301 0.1245 0.1505 0.1238 0.1169 0.1096 0.1411 0.1146 0.1185 0.1124 0.1469 0.1171 0.1135 0.1144 0.1088
0.1028 0.1028 0.1118 0.1028 0.1028 0.1028 0.1028 0.1028 0.1028 0.1028 0.1028 0.1028 0.1028 0.1028 0.1028 0.1028 0.1028 0.1028 0.1028 0.1028
0.1028 0.1056 0.1820 0.1031 0.1398 0.1805 0.1028 0.1437 0.1028 0.0903 0.1028 0.1024 0.1155 0.1080 0.1028 0.1028 0.1028 0.1015 0.0995 0.1057
0.1028 0.1533 0.1675 0.1601 0.1596 0.1080 0.1065 0.1028 0.2419 0.0980 0.1092 0.1027 0.1033 0.1097 0.0938 0.1056 0.1037 0.1027 0.1021 0.1043
0.1526 0.1295 0.1733 0.1633 0.1838 0.1663 0.1841 0.1731 0.2804 0.1022 0.0997 0.1134 0.1736 0.1324 0.1170 0.0750 0.1211 0.1172 0.1281 0.0704
0.1090 0.2481 0.2359 0.2079 0.1701 0.1479 0.1746 0.2158 0.0980 0.1959 0.1327 0.1665 0.1987 0.1356 0.1090 0.1056 0.1830 0.1522 0.1192 0.0958
0.1210 0.1027 0.1540 0.1010 0.1193 0.1263 0.1067 0.1138 0.1204 0.1126 0.1209 0.1065 0.1008 0.1010 0.1010 0.1010 0.1010 0.1010 0.1010 0.1010
0.1240 0.1404 0.1141 0.1010 0.1301 0.1265 0.1179 0.1077 0.1259 0.1052 0.1158 0.1087 0.1206 0.1010 0.1010 0.1010 0.1013 0.1088 0.1005 0.1009
0.0980 0.1162 0.1291 0.0980 0.0980 0.0993 0.0980 0.0980 0.0980 0.1093 0.0980 0.0980 0.1068 0.0980 0.0980 0.0980 0.0980 0.0980 0.0980 0.0980
0.0980 0.0980 0.0980 0.0980 0.0980 0.0980 0.0980 0.0980 0.0980 0.0980 0.0980 0.0980 0.0980 0.0980 0.0980 0.0980 0.0980 0.0980 0.0980 0.0980
0.0980 0.1000 0.1134 0.1018 0.0981 0.1302 0.0980 0.0980 0.0980 0.1103 0.0980 0.0980 0.0980 0.0980 0.0980 0.2130 0.0980 0.0979 0.0980 0.0980
0.0980 0.1523 0.1480 0.1536 0.1036 0.1336 0.0987 0.0879 0.0980 0.0955 0.0982 0.0993 0.1161 0.0982 0.0980 0.1010 0.1496 0.1114 0.1490 0.1187
0.1147 0.1010 0.1148 0.1010 0.1414 0.1010 0.1043 0.1010 0.1002 0.1010 0.1105 0.1536 0.1393 0.1171 0.0982 0.1010 0.1241 0.1610 0.1010 0.1010
0.1244 0.1010 0.1114 0.1010 0.1199 0.1010 0.1010 0.1010 0.1079 0.1010 0.1274 0.1462 0.1144 0.1393 0.0985 0.1010 0.1039 0.1252 0.1197 0.1010
0.1018 0.1010 0.1033 0.1010 0.1010 0.1010 0.1010 0.1010 0.1398 0.1010 0.1402 0.1034 0.1030 0.1636 0.1019 0.1010 0.1010 0.1010 0.1324 0.1010

Diagonal Accuracy: 0.1313
Final Accuracy: 0.1100
Backward: -0.0213
Forward:  0.0022
